Location:
  ==: org.bukkit.Location
  world: world
  x: 189.92902356811297
  y: 78.0
  z: 253.2714597910249
  pitch: 27.05616
  yaw: 97.31485
